3233.272992
1801.516730
1263.198420
1070.082735
866.395046
772.937850
703.947684
626.406742
616.454832
611.612359
594.882900
582.505108
585.573783
582.058100
578.827019
566.291704
563.400781
563.400781
573.482611
563.161383
546.802268
517.866090
439.038815
367.681446
339.963310
260.188698
220.648384
223.299108
230.914656
228.347395
225.197638
226.034384
239.026586
231.345941
228.482898
222.171953
227.792604
228.758391
226.556815
219.330561
219.330561
219.936898
212.123882
204.179231
197.657810
165.765884
81.086464
66.880400
61.702823
60.896076
59.457238
58.122338
56.946667
49.828290
53.382890
51.552357
57.646138
56.167997
55.056212
55.777093
47.216564
48.659243
52.086016
58.290845
50.524297
56.916826
57.489247
55.227137
60.943650
61.231449
61.626403
56.256336
50.720384
54.710582
56.658765
56.704844
54.206394
56.371282
57.138006
60.284631
58.554181
61.292062
57.806190
54.392236
56.666519
52.576608
52.969939
56.354980
61.696164
51.162946
50.432662
45.662948
45.906055
44.202051
41.050051
42.581162
44.327129
48.225740
47.992830
39.476925
