73.280000
72.923613
66.315329
66.811495
67.107138
76.350582
62.378434
63.268593
49.602041
51.885193
43.747161
47.522458
50.899095
43.229794
42.597467
43.952353
46.481849
44.555249
43.699659
46.088921
40.989820
47.276818
49.096208
36.571689
35.807176
39.659623
47.368758
47.163372
30.587642
37.189225
43.685190
44.330747
37.913533
45.961144
49.964932
51.111073
52.707047
53.306876
54.539135
54.138369
51.360088
51.398739
49.848631
53.376344
59.318333
65.499186
56.185632
55.522178
44.971505
53.507156
57.388272
53.696253
52.398762
59.456602
54.920008
57.406034
54.246974
57.942934
57.866830
52.544888
53.735377
49.497964
55.750451
58.729480
56.616415
69.615498
63.888147
64.443232
67.444137
65.755384
61.887951
61.449862
64.243548
58.999984
63.357610
62.010226
55.952318
58.824445
56.819996
67.629200
59.703042
57.023928
57.940692
62.077983
50.542514
50.915666
47.921055
50.633815
53.609088
46.356265
47.289483
44.681851
47.021225
47.160920
42.704033
49.781073
44.485718
49.049597
48.600189
50.755930
