0.000000
0.813909
0.563290
0.704773
0.651132
0.707422
0.657775
0.727266
0.666436
0.690913
0.693145
0.690599
0.692690
0.685706
0.714073
0.716733
0.681703
0.687352
0.702025
0.739024
0.703295
0.705033
0.709023
0.701768
0.694572
0.706536
0.691277
0.695792
0.693822
0.695465
0.738409
0.706565
0.700668
0.736307
0.696651
0.692209
0.672211
0.711321
0.670875
0.713069
0.659744
0.703160
0.681044
0.696233
0.682125
0.664462
0.683877
0.690986
0.682310
0.686845
0.660885
0.709970
0.683865
0.707673
0.689109
0.702083
0.657671
0.698437
0.717408
0.657554
0.720999
0.705944
0.705944
0.711660
0.663387
0.709885
0.662472
0.718986
0.691276
0.702428
0.747772
0.673767
0.745866
0.684563
0.733173
0.681476
0.699051
0.714713
0.690168
0.709969
0.709056
0.691316
0.721655
0.698942
0.705580
0.679637
0.693264
0.711274
0.712739
0.678639
0.711593
0.711359
0.695595
0.705315
0.683842
0.711770
0.672898
0.711187
0.704861
0.688170
0.715047
0.694810
0.703542
0.715407
0.733731
0.690867
0.697545
0.693790
0.695923
0.712722
0.680663
0.752399
0.673155
0.724417
0.670719
0.745710
0.702367
0.709855
0.704162
0.718147
0.698818
0.691937
0.690148
0.696688
0.696754
0.713129
0.682045
0.711856
0.683302
0.725503
0.702589
0.719051
0.719219
0.710272
0.719111
0.717844
0.731534
0.714058
0.711557
0.709160
0.724625
0.694573
0.710732
0.704274
0.684485
0.726471
0.667600
0.717178
0.705772
0.667189
0.697204
0.713545
0.705017
0.691374
0.704411
0.712552
0.695690
0.701443
0.725157
0.692618
0.720453
0.705490
0.698769
0.720072
0.714941
0.698501
0.710823
0.712476
0.704939
0.747277
0.696608
0.740048
0.710900
0.726968
0.718864
0.705041
0.722841
0.723162
0.717277
0.712133
0.733550
0.708542
0.756410
0.739897
0.775963
0.733968
0.756171
0.767000
0.742494
0.780633
0.789570
0.759646
0.777907
0.752769
0.752915
0.762212
0.742984
0.779019
0.754682
0.775188
0.755061
0.752200
0.780959
0.716619
0.786885
0.722031
0.753702
0.736326
0.717116
0.755354
0.716091
0.721159
0.711053
0.715469
0.680227
0.719087
0.702655
0.697231
0.744620
0.714145
0.710861
0.719719
0.700720
0.691491
0.736399
0.679329
0.733800
0.675830
0.717722
0.676420
0.673600
0.695279
0.685949
0.722763
0.681732
0.704228
0.702121
0.701996
0.713466
0.710682
0.716735
0.727212
0.692894
0.749591
0.706515
0.710884
0.725564
0.693083
0.720636
0.698703
