2.554488
1.473779
1.221016
1.058982
1.030258
0.919108
0.903201
0.869361
0.825591
0.802061
0.815246
0.784451
0.762471
0.767358
0.772121
0.742996
0.756125
0.755038
0.743073
0.727075
0.735223
0.754754
0.717693
0.724375
0.761006
0.718720
0.734565
0.737506
0.731812
0.721121
0.721048
0.703736
0.707947
0.710314
0.742168
0.710348
0.715417
0.716089
0.700639
0.730648
0.739966
0.725953
0.742249
0.718829
0.696024
0.751409
0.705525
0.725164
0.727752
0.729463
0.744866
0.720783
0.720399
0.697851
0.741849
0.700090
0.719105
0.711013
0.719228
0.688915
0.754968
0.726782
0.720709
0.717352
0.705256
0.715287
0.727420
0.704011
0.738296
0.698942
0.718699
0.721823
0.698546
0.734498
0.701734
0.700911
0.693207
0.730324
0.689916
0.740578
0.690033
0.720944
0.715256
0.715256
0.701636
0.710476
0.716064
0.729070
0.686454
0.713149
0.691321
0.728663
0.698977
0.711522
0.710316
0.710628
0.722778
0.705734
0.748470
0.692967
0.724614
0.690163
0.731331
0.738697
0.732927
0.719581
0.720456
0.726367
0.710766
0.740474
0.731880
0.731715
0.702010
0.727548
0.725018
0.752857
0.693054
0.750938
0.742574
0.721698
0.746480
0.721369
0.739321
0.683367
0.723716
0.726160
0.728826
0.751196
0.704415
0.733508
0.701102
0.707229
0.732977
0.701372
0.716662
0.727608
0.704148
0.734759
0.737179
0.725023
0.721485
0.722408
0.730525
0.726299
0.747471
0.733325
0.736899
0.703827
0.759476
0.725010
0.721133
0.724933
0.738131
0.739323
0.708358
0.752066
0.722904
0.740372
0.768029
0.760418
0.744559
0.743246
0.758581
0.743491
0.724616
0.735538
0.772548
0.740125
0.754122
0.779492
0.773681
0.766962
0.735139
0.790082
0.748887
0.764495
0.760277
0.760585
0.721651
0.718684
0.738042
0.726380
0.700006
0.733186
0.699495
0.684790
0.729237
0.697421
0.721936
0.727518
0.745741
0.724264
0.703441
0.756868
0.740420
0.725128
0.743617
0.727849
0.721236
0.730623
0.714525
0.710032
0.710516
0.730480
0.729606
0.719740
0.723250
0.734042
0.714828
0.719128
0.732123
0.739475
0.739475
0.711882
0.711882
0.716215
0.692082
0.720974
0.712550
0.732972
0.664356
0.747174
0.691587
0.703787
0.726297
0.699437
0.707264
0.719426
0.709514
0.716806
0.712318
0.729717
0.747123
0.710728
0.734559
0.732703
0.726017
0.752386
0.752542
0.742364
0.733216
0.740859
0.726145
0.751819
0.745769
0.749995
0.765349
0.784290
0.748804
0.763945
