0.948949
2.458399
-0.259836
-0.651248
0.965705
-0.054021
-0.676800
-0.444896
0.751008
0.117607
0.583928
0.641355
-0.989636
0.131021
-0.700074
1.940448
1.280061
-0.408247
-0.578968
1.511141
1.839931
-1.063619
-1.702605
-1.265211
0.559712
-1.570268
-0.596768
-0.878540
-0.593028
0.644989
-0.090373
2.262089
0.522555
0.008959
-0.681179
-1.315088
0.440354
-1.799462
-1.960485
-0.741577
0.560937
-0.391365
2.112055
-0.134977
-0.696571
-0.070668
-0.521603
-1.382486
0.702201
-0.548939
-2.244233
0.407263
-0.260419
-0.005569
-0.546656
-0.326215
-0.990416
2.327384
1.223090
-1.217759
-0.465505
-0.303929
-0.874202
-0.306167
